service_id,monday,tuesday,wednesday,thursday,friday,saturday,sunday,start_date,end_date
IDFM:TN:44989489,1,1,1,1,1,0,0,20251230,20260126
IDFM:TN:44989493,1,1,1,1,1,0,0,20251230,20260126
IDFM:TN:44989510,1,0,0,0,0,0,0,20251229,20251229
IDFM:TN:44989553,1,1,1,1,1,0,0,20260102,20260126
IDFM:TN:44989608,0,0,0,0,0,1,1,20260101,20260125
IDFM:TN:44989697,0,0,0,0,0,1,1,20260103,20260125
IDFM:TN:44989700,0,0,0,0,0,0,1,20260101,20260125
IDFM:TN:44989708,0,0,0,0,0,0,1,20260104,20260125
IDFM:TN:44989723,0,0,0,1,0,0,0,20260101,20260101
IDFM:TN:44989760,1,1,1,1,1,0,0,20260112,20260126
IDFM:TN:44989762,1,0,1,1,1,0,0,20260112,20260126
IDFM:TN:44989765,1,1,1,1,1,0,0,20260112,20260116
IDFM:TN:44989785,1,0,0,0,0,0,0,20260119,20260126
IDFM:TN:44989789,0,1,0,0,0,0,0,20260113,20260120
IDFM:TN:44989790,0,0,0,0,1,0,0,20260102,20260109
IDFM:TN:44989791,0,1,0,0,1,0,0,20251230,20260109
IDFM:TN:44989803,0,1,0,0,0,0,0,20251230,20251230
IDFM:TN:44989825,0,1,1,0,0,0,0,20251230,20251231
IDFM:TN:44989868,0,0,0,0,0,1,0,20260103,20260124
IDFM:TN:44989991,0,0,1,0,0,0,0,20251231,20251231
IDFM:TN:44989995,0,0,0,0,0,0,1,20260104,20260125
IDFM:TN:44990009,0,0,0,0,0,0,1,20260125,20260125
IDFM:TN:44990029,0,0,0,0,0,1,1,20260101,20260124
IDFM:TN:44990040,0,0,0,0,0,0,1,20260118,20260118
IDFM:TN:44990107,0,1,1,0,1,0,0,20251230,20260109
IDFM:TN:44990127,0,0,0,0,1,0,0,20260102,20260109
IDFM:TN:44990148,0,1,0,0,0,0,0,20260106,20260106
IDFM:TN:44990171,1,1,1,1,1,0,0,20251230,20260126
IDFM:TN:44990172,1,1,1,1,1,0,0,20251230,20260126
IDFM:TN:44990173,1,1,1,1,1,0,0,20260101,20260126
IDFM:TN:44990174,1,1,1,1,1,0,0,20251230,20260126
IDFM:TN:44990187,0,0,0,0,0,1,1,20260101,20260111
IDFM:TN:44990194,0,0,0,0,0,1,0,20260103,20260110
IDFM:TN:44990196,1,1,1,1,1,0,0,20251230,20260126
IDFM:TN:44990199,1,1,1,1,1,0,0,20260102,20260126
IDFM:TN:44990216,0,0,0,0,0,1,1,20251230,20260111
IDFM:TN:44990229,1,1,1,1,1,0,0,20260106,20260126
IDFM:TN:44990261,0,0,0,0,0,0,1,20260104,20260111
IDFM:TN:44990394,0,1,1,1,1,1,1,20251230,20260111
IDFM:TN:44990396,0,0,0,1,1,1,1,20260101,20260111
IDFM:TN:44990398,0,1,1,0,1,1,0,20251230,20260110
IDFM:TN:44990404,0,1,0,1,1,1,1,20251230,20260111
IDFM:TN:44990415,0,0,0,0,1,1,0,20260102,20260110
IDFM:TN:44990615,0,0,0,0,0,1,1,20260103,20260111
IDFM:TN:44990646,0,0,0,0,0,0,1,20260101,20260111
IDFM:TN:44990785,1,0,0,0,0,0,1,20260102,20260126
IDFM:TN:44990838,1,1,1,1,1,0,0,20251230,20260123
IDFM:TN:44990840,1,1,1,1,1,0,0,20260102,20260123
IDFM:TN:44990847,1,0,0,0,0,0,0,20260126,20260126
IDFM:TN:44990864,1,0,1,1,1,0,0,20251230,20260126
IDFM:TN:44990868,0,1,0,0,0,0,0,20260106,20260120
IDFM:TN:44990925,0,0,0,0,0,1,1,20260117,20260125
IDFM:TN:44990926,0,0,0,0,0,1,0,20260117,20260124
IDFM:TN:44990984,0,0,0,0,0,0,1,20260118,20260125
IDFM:TN:44991225,1,0,0,0,0,0,0,20260119,20260126
IDFM:TN:44991605,0,0,0,0,0,0,1,20260101,20260118
IDFM:TN:44991722,1,1,1,1,1,1,1,20251230,20260126
IDFM:TN:44991723,1,1,0,0,1,1,1,20251230,20260126
IDFM:TN:44991725,0,0,0,0,0,0,1,20260101,20260118
IDFM:TN:44991726,0,0,0,0,0,0,1,20260101,20260118
IDFM:TN:44991727,0,0,0,0,0,1,0,20260110,20260117
IDFM:TN:44991730,0,0,1,1,0,0,0,20251231,20260122
IDFM:TN:44991731,1,1,1,1,1,1,0,20251230,20260126
IDFM:TN:44991733,0,0,0,0,0,1,0,20260103,20260103
IDFM:TN:44991735,0,0,0,0,0,1,1,20260101,20260118
IDFM:TN:44991736,0,0,0,0,0,1,0,20260103,20260117
IDFM:TN:44991737,0,0,0,0,0,1,1,20260101,20260118
IDFM:TN:44991739,0,0,0,0,0,1,1,20251230,20260118
IDFM:TN:44991747,0,0,0,0,0,0,1,20260101,20260118
IDFM:TN:44991759,0,0,0,0,0,0,1,20260111,20260118
IDFM:TN:44991762,0,0,0,0,1,0,0,20260102,20260102
IDFM:TN:44991769,1,1,1,1,1,1,1,20251230,20260126
IDFM:TN:44991770,1,1,1,1,1,0,0,20260105,20260126
IDFM:TN:44991771,0,0,0,0,0,1,1,20260101,20260125
IDFM:TN:44991772,1,1,1,1,1,1,1,20260101,20260126
IDFM:TN:44991805,0,0,0,1,0,1,1,20260101,20260104
IDFM:TN:44991806,1,1,1,1,1,1,1,20260105,20260123
IDFM:TN:44991809,1,0,1,1,1,0,0,20260105,20260123
IDFM:TN:44991810,0,1,1,1,1,1,1,20251230,20260104
IDFM:TN:44991816,1,1,1,1,1,0,0,20260105,20260123
IDFM:TN:44991821,0,0,0,0,0,1,1,20260110,20260118
IDFM:TN:44991826,0,0,1,0,1,0,0,20251231,20260102
IDFM:TN:44991827,0,0,0,0,0,0,1,20260104,20260104
IDFM:TN:44991829,1,1,1,1,1,0,0,20260105,20260126
IDFM:TN:44991830,0,0,0,0,0,0,1,20260111,20260118
IDFM:TN:44991840,0,0,0,0,0,1,0,20260110,20260118
IDFM:TN:44991842,0,1,1,0,1,0,0,20251230,20260102
IDFM:TN:44991854,0,1,0,1,0,1,1,20251230,20260104
IDFM:TN:44991855,0,0,0,1,0,1,0,20260101,20260103
IDFM:TN:44991862,0,0,0,1,0,0,1,20260101,20260104
IDFM:TN:44991881,0,0,0,0,0,1,0,20260124,20260124
IDFM:TN:44991886,1,1,1,1,1,0,0,20251230,20260116
IDFM:TN:44991887,1,1,1,1,1,0,0,20251230,20260116
IDFM:TN:44991894,1,1,1,1,1,0,1,20251230,20260116
IDFM:TN:44991897,1,1,1,1,1,0,1,20251230,20260116
IDFM:TN:44991898,1,1,1,1,1,0,1,20260104,20260116
IDFM:TN:44991899,0,0,0,0,0,1,1,20260124,20260125
IDFM:TN:44991901,0,0,0,0,0,0,1,20260101,20260111
IDFM:TN:44991911,0,0,0,0,0,0,1,20260104,20260111
IDFM:TN:44991919,1,1,1,1,1,1,1,20260101,20260116
IDFM:TN:44991927,0,1,1,1,1,1,0,20251230,20260103
IDFM:TN:44991935,1,1,1,1,1,0,0,20251230,20260116
IDFM:TN:44991955,1,1,1,1,1,1,1,20260119,20260125
IDFM:TN:44991956,1,1,1,1,1,0,0,20260105,20260116
IDFM:TN:44991995,0,1,1,1,1,0,1,20251230,20260104
IDFM:TN:44992005,0,0,0,0,0,1,0,20260110,20260110
IDFM:TN:44992184,0,0,0,0,0,1,1,20260117,20260118
IDFM:TN:44992199,1,1,1,1,1,0,0,20251230,20260126
IDFM:TN:44992345,0,0,0,0,0,1,1,20260101,20260125
IDFM:TN:44992346,1,1,1,1,1,0,1,20251230,20260126
IDFM:TN:44992349,0,0,0,0,0,0,1,20260101,20260125
IDFM:TN:44992352,0,0,0,0,0,1,1,20260104,20260125
IDFM:TN:44992367,1,1,1,1,1,0,1,20251230,20260126
IDFM:TN:44992373,1,0,1,1,1,0,0,20251231,20260126
IDFM:TN:44992378,0,0,0,0,0,0,1,20260111,20260111
IDFM:TN:44992394,1,1,1,1,1,0,0,20251230,20260126
IDFM:TN:44992414,0,0,0,0,0,1,1,20260110,20260125
IDFM:TN:44992434,0,0,0,0,0,1,0,20260110,20260125
IDFM:TN:44992443,0,1,0,0,0,0,1,20251230,20260125
IDFM:TN:44992514,0,0,0,0,0,1,0,20260110,20260124
IDFM:TN:44992521,1,1,1,1,1,1,1,20260103,20260126
IDFM:TN:44992524,1,1,1,1,1,1,1,20251230,20260126
IDFM:TN:44992528,1,1,1,1,1,1,0,20260103,20260126
IDFM:TN:44992579,0,0,0,0,0,1,0,20260103,20260124
IDFM:TN:44992587,0,0,0,0,0,1,1,20260101,20260125
IDFM:TN:44992588,0,0,0,0,0,1,1,20260101,20260125
IDFM:TN:44992593,0,0,0,0,0,1,0,20260117,20260117
IDFM:TN:44992662,0,1,0,0,0,1,1,20251230,20260120
IDFM:TN:44992663,1,1,1,1,1,0,1,20251230,20260126
IDFM:TN:44992664,0,0,0,0,0,1,1,20260101,20260118
IDFM:TN:44992670,1,1,1,1,1,1,1,20251230,20260126
IDFM:TN:44992755,0,1,1,1,1,0,0,20260106,20260123
IDFM:TN:44992849,0,0,0,0,0,1,1,20251231,20260125
IDFM:TN:44992850,0,0,0,0,0,1,1,20260103,20260118
IDFM:TN:44992852,1,1,1,1,1,0,1,20260103,20260126
IDFM:TN:44992853,1,1,1,1,1,1,1,20251230,20260126
IDFM:TN:44992855,1,0,0,0,0,0,1,20260102,20260126
IDFM:TN:44992861,0,0,0,0,0,1,1,20260103,20260125
IDFM:TN:44992879,1,1,1,1,1,1,1,20260103,20260126
IDFM:TN:44992884,1,1,1,1,1,1,0,20260103,20260126
IDFM:TN:44992886,0,1,0,0,0,1,1,20260103,20260120
IDFM:TN:44992891,1,0,1,1,1,0,0,20260105,20260126
IDFM:TN:44992892,1,1,1,1,1,1,1,20251230,20260126
IDFM:TN:44992900,0,0,0,0,0,1,1,20260103,20260125
IDFM:TN:44992958,1,0,0,0,0,0,0,20260105,20260105
IDFM:TN:44992966,1,1,1,1,1,1,1,20260101,20260126
IDFM:TN:44993043,1,1,1,1,1,0,0,20260101,20260126
IDFM:TN:44993104,1,1,1,1,1,0,0,20260105,20260126
IDFM:TN:44993106,1,1,1,1,1,0,0,20260105,20260126
IDFM:TN:44993107,1,1,1,1,1,0,0,20260105,20260126
IDFM:TN:44993131,0,0,0,0,0,1,1,20260110,20260111
IDFM:TN:44993185,0,0,0,0,0,1,0,20260110,20260124
IDFM:TN:44993194,1,1,1,1,1,0,0,20260105,20260126
IDFM:TN:44993195,0,1,0,0,0,1,1,20260106,20260125
IDFM:TN:44993221,1,1,1,1,1,0,1,20260101,20260126
IDFM:TN:44993230,0,0,0,0,0,1,1,20251231,20260111
IDFM:TN:44993234,0,0,0,0,0,1,1,20251231,20260125
IDFM:TN:44993235,0,0,0,0,0,0,1,20251231,20260111
IDFM:TN:44993252,1,1,1,1,1,1,1,20251230,20260126
IDFM:TN:44993254,1,1,1,1,1,1,1,20260103,20260126
IDFM:TN:44993262,1,1,1,1,1,1,1,20251230,20260126
IDFM:TN:44993280,1,0,0,0,0,0,0,20251230,20260126
IDFM:TN:44993297,1,1,1,1,1,1,0,20251230,20260126
IDFM:TN:44993344,0,0,0,0,0,1,1,20251231,20260118
IDFM:TN:44993374,1,1,1,1,1,0,0,20260105,20260126
IDFM:TN:44993398,0,0,0,0,0,0,1,20260102,20260112
IDFM:TN:44993699,1,1,1,1,1,0,1,20251230,20260126
IDFM:TN:44993724,1,1,1,1,1,1,0,20251230,20260126
IDFM:TN:44993732,0,1,1,1,1,0,0,20260120,20260123
IDFM:TN:44993744,1,1,1,1,1,1,0,20260102,20260126
IDFM:TN:44993836,0,1,1,1,1,0,0,20260106,20260109
IDFM:TN:44993837,0,0,1,0,0,0,0,20260114,20260123
IDFM:TN:44993843,0,0,0,0,0,1,1,20251230,20260125
IDFM:TN:44993848,0,1,1,1,1,0,0,20251230,20260102
IDFM:TN:44993851,1,1,0,0,0,0,0,20260112,20260126
IDFM:TN:44993865,1,1,1,1,1,1,1,20260102,20260126
IDFM:TN:44993867,1,1,1,1,1,1,1,20260103,20260126
IDFM:TN:44993868,1,1,1,1,1,0,0,20251230,20260126
IDFM:TN:44993870,1,1,1,1,1,1,1,20251230,20260126
IDFM:TN:44993889,0,0,0,0,0,1,1,20260104,20260125
IDFM:TN:44993890,0,0,0,0,0,1,1,20260103,20260125
IDFM:TN:44993895,0,0,0,0,0,1,1,20251230,20260125
IDFM:TN:44993898,1,0,0,0,0,0,1,20251230,20260125
IDFM:TN:44993908,1,1,1,1,1,1,1,20260106,20260126
IDFM:TN:44993916,0,0,0,0,0,1,1,20260103,20260104
IDFM:TN:44993917,0,0,0,0,0,1,1,20251230,20260125
IDFM:TN:44993932,1,1,1,1,1,0,1,20251230,20260126
IDFM:TN:44993938,1,0,0,0,0,0,1,20251230,20260125
IDFM:TN:44993947,0,0,0,0,0,1,1,20260101,20260125
IDFM:TN:44993950,0,0,0,0,0,1,1,20260110,20260125
IDFM:TN:44993953,0,0,0,0,0,1,1,20251230,20260125
IDFM:TN:44993971,0,0,0,0,0,1,1,20260103,20260125
IDFM:TN:44994080,1,0,1,0,1,0,1,20251230,20260126
IDFM:TN:44994086,0,0,0,0,0,1,1,20251230,20260125
IDFM:TN:44994093,0,0,0,0,0,1,1,20251230,20260125
IDFM:TN:44994109,0,0,0,0,0,1,1,20251230,20260125
IDFM:TN:44994114,1,0,0,0,0,1,1,20251230,20260126
IDFM:TN:44994126,0,1,0,1,0,1,0,20260106,20260124
IDFM:TN:44994132,0,1,1,1,1,0,0,20260106,20260123
IDFM:TN:44994172,0,0,0,0,0,1,0,20260101,20260124
IDFM:TN:44994238,1,1,1,1,1,1,1,20251230,20260126
IDFM:TN:44994253,1,1,1,1,1,1,1,20251230,20260126
IDFM:TN:44994258,1,0,0,0,0,0,1,20251230,20260126
IDFM:TN:44994295,1,1,1,1,1,0,0,20260119,20260123
IDFM:TN:44994349,1,1,1,1,0,1,1,20251230,20260126
IDFM:TN:44994369,0,0,0,0,1,0,0,20260109,20260123
IDFM:TN:44994444,1,1,1,1,1,1,1,20251231,20260126
IDFM:TN:44994446,1,1,1,1,1,1,1,20251230,20260126
IDFM:TN:44994471,1,1,1,1,1,1,1,20260101,20260126
IDFM:TN:44994491,0,1,1,1,0,0,0,20251230,20260101
IDFM:TN:44994748,1,1,1,1,1,0,1,20251230,20260126
IDFM:TN:44994801,1,1,1,0,1,0,0,20260106,20260126
IDFM:TN:44994802,0,0,0,1,0,0,0,20260108,20260122
IDFM:TN:44994920,0,1,1,1,0,1,0,20251230,20260103
IDFM:TN:44994932,1,1,1,1,1,0,0,20251231,20260126
IDFM:TN:44995120,1,1,1,1,1,0,0,20260112,20260123
IDFM:TN:44995124,1,1,1,1,1,0,0,20260105,20260109
IDFM:TN:44995125,0,1,1,1,1,1,0,20260106,20260126
IDFM:TN:44995126,1,1,1,0,0,0,0,20260112,20260126
IDFM:TN:44995132,0,1,0,0,0,0,0,20260106,20260123
IDFM:TN:44995136,0,0,0,1,1,0,0,20260105,20260116
IDFM:TN:44995139,0,1,1,1,1,1,0,20260106,20260124
IDFM:TN:44995145,1,0,1,1,1,1,1,20260106,20260126
IDFM:TN:44995204,0,1,0,0,0,0,0,20260113,20260113
IDFM:TN:44995210,0,0,0,0,0,1,0,20260110,20260124
IDFM:TN:44995236,1,1,0,0,0,0,0,20260106,20260126
IDFM:TN:44995246,0,0,1,0,1,0,0,20260107,20260123
IDFM:TN:44995250,0,0,1,1,1,0,0,20260107,20260123
IDFM:TN:44995259,0,0,0,1,0,1,1,20260108,20260125
IDFM:TN:44995327,1,1,1,1,1,1,1,20251230,20260126
IDFM:TN:44995348,0,0,0,0,0,0,1,20260111,20260125
IDFM:TN:44995352,0,1,1,0,1,1,1,20251230,20260104
IDFM:TN:44995423,1,1,1,0,0,0,0,20251230,20260126
IDFM:TN:44995434,0,0,0,1,1,0,0,20260115,20260123
IDFM:TN:44995441,0,1,1,0,0,0,0,20260120,20260121
IDFM:TN:44995519,1,1,1,1,1,1,1,20260101,20260126
IDFM:TN:44995746,1,1,1,1,1,1,1,20251230,20260126
IDFM:TN:44995747,1,1,1,1,0,1,1,20251230,20260126
IDFM:TN:44995748,1,1,1,1,1,1,0,20251230,20260126
IDFM:TN:44995758,1,1,1,1,1,1,0,20260105,20260124
IDFM:TN:44995763,0,0,0,0,0,0,1,20251230,20260126
IDFM:TN:44995765,0,0,0,0,1,0,0,20251231,20260123
IDFM:TN:44995870,1,1,1,1,1,1,1,20251230,20260126
IDFM:TN:44995886,0,1,0,0,0,0,0,20260120,20260120
IDFM:TN:44995887,1,1,1,1,1,1,1,20251230,20260126
IDFM:TN:44995891,1,1,1,1,1,1,0,20251230,20260126
IDFM:TN:44996005,1,0,0,0,0,0,0,20260119,20260126
IDFM:TN:44996007,1,1,1,1,1,0,1,20251230,20260116
IDFM:TN:44996008,0,0,0,0,0,1,1,20251230,20260111
IDFM:TN:44996014,1,1,1,1,1,1,1,20251230,20260116
IDFM:TN:44996017,1,1,1,1,1,0,0,20251230,20260116
IDFM:TN:44996027,0,1,1,0,0,0,0,20260113,20260114
IDFM:TN:44996042,1,1,1,1,1,1,1,20251230,20260116
IDFM:TN:44996076,0,0,0,0,1,0,0,20260109,20260109
IDFM:TN:44996100,0,0,0,0,1,0,0,20260109,20260123
IDFM:TN:44996116,0,0,0,0,0,0,1,20251230,20260111
IDFM:TN:44996120,1,0,0,0,0,0,0,20260119,20260119
IDFM:TN:44996128,1,1,1,1,0,0,0,20260105,20260108
IDFM:TN:44996134,1,1,1,1,1,1,1,20251230,20260116
IDFM:TN:44996147,0,1,1,1,1,1,1,20251230,20260116
IDFM:TN:44996165,1,1,1,0,1,0,0,20251230,20260114
IDFM:TN:44996168,0,0,0,1,1,0,0,20260115,20260116
IDFM:TN:44996188,0,1,1,0,0,0,0,20260106,20260107
IDFM:TN:44996196,0,0,0,1,0,0,0,20260122,20260122
IDFM:TN:44996204,1,0,0,0,0,0,0,20260119,20260126
IDFM:TN:44996218,1,0,0,0,1,0,0,20260119,20260123
IDFM:TN:44996220,0,0,0,0,1,0,0,20260123,20260123
IDFM:TN:44996235,0,1,1,1,1,1,1,20251230,20260125
IDFM:TN:44996245,1,1,1,1,1,1,1,20251230,20260126
IDFM:TN:44996252,1,0,0,0,0,0,0,20260119,20260126
IDFM:TN:44996254,0,0,0,0,0,1,1,20251230,20260126
IDFM:TN:44996257,0,0,0,0,0,1,1,20251230,20260126
IDFM:TN:44996267,1,1,1,1,1,1,1,20260105,20260118
IDFM:TN:44996324,0,0,0,0,0,1,1,20251230,20260125
IDFM:TN:44996332,1,1,1,0,1,0,0,20251230,20260126
IDFM:TN:44996395,1,0,0,0,0,0,0,20260113,20260126
IDFM:TN:44996407,1,0,0,0,0,0,0,20260119,20260126
IDFM:TN:44996415,1,1,1,1,1,1,1,20251230,20260116
IDFM:TN:44996426,1,1,1,0,1,0,0,20251230,20260126
IDFM:TN:44996435,0,1,1,0,1,1,1,20251230,20260116
IDFM:TN:44996490,0,0,0,1,1,0,0,20260101,20260123
IDFM:TN:44996497,1,1,1,1,0,0,0,20260112,20260115
IDFM:TN:44996503,1,1,1,1,0,1,1,20251230,20260115
IDFM:TN:44996514,1,0,0,0,0,0,0,20260119,20260126
IDFM:TN:44996516,0,0,0,0,1,1,0,20260103,20260116
IDFM:TN:44996533,1,1,1,1,1,0,0,20251230,20260126
IDFM:TN:44996549,1,0,0,0,1,0,0,20260109,20260126
IDFM:TN:44996551,0,0,0,0,1,0,0,20260102,20260116
IDFM:TN:44996565,0,1,1,1,0,0,0,20260120,20260122
IDFM:TN:44996686,1,1,1,1,1,1,1,20251230,20260118
IDFM:TN:44996690,1,0,0,0,0,0,0,20260119,20260126
IDFM:TN:44996692,1,1,1,1,1,0,1,20251230,20260118
IDFM:TN:44996697,1,1,1,1,1,1,1,20260112,20260118
IDFM:TN:44996702,1,0,0,0,0,0,0,20260119,20260126
IDFM:TN:44996705,1,0,0,0,0,0,1,20260118,20260126
IDFM:TN:44996712,0,1,1,1,1,1,1,20251230,20260125
IDFM:TN:44996721,1,0,0,0,0,1,1,20260117,20260126
IDFM:TN:44996731,1,1,1,1,1,1,0,20251230,20260117
IDFM:TN:44996742,1,1,1,1,0,0,0,20260119,20260122
IDFM:TN:44996749,1,0,0,0,0,0,1,20251230,20260112
IDFM:TN:44996874,1,1,1,1,1,0,0,20260105,20260126
IDFM:TN:44996884,1,0,0,0,0,1,0,20260117,20260126
IDFM:TN:44996936,1,1,1,1,1,1,0,20251230,20260116
IDFM:TN:44996943,0,0,0,0,0,1,1,20251230,20260118
IDFM:TN:44997012,0,0,0,0,0,1,0,20260117,20260125
IDFM:TN:44997032,1,1,1,1,1,0,0,20251230,20260126
IDFM:TN:44997090,1,1,1,1,1,0,0,20251230,20260126
IDFM:TN:44997118,0,0,0,0,0,1,1,20260103,20260125
IDFM:TN:44997227,1,1,1,1,1,1,1,20251230,20260126
IDFM:TN:44997356,0,0,0,0,0,1,1,20251230,20260125
IDFM:TN:44997588,1,1,1,1,1,1,1,20251230,20260126
IDFM:TN:44997597,0,0,0,0,0,1,1,20260101,20260125
IDFM:TN:44997801,0,0,0,0,0,1,1,20251230,20260126
IDFM:TN:44997826,0,0,0,0,0,1,1,20251230,20260126
IDFM:TN:44997829,1,0,0,0,0,0,1,20251230,20260126
IDFM:TN:44997853,1,1,1,1,1,0,0,20260105,20260123
IDFM:TN:44997936,0,1,1,1,1,1,1,20251230,20260125
IDFM:TN:44997986,1,0,0,0,0,0,0,20260112,20260126
IDFM:TN:44998127,1,1,1,1,1,1,0,20251230,20260126
IDFM:TN:44998128,0,0,0,0,0,0,1,20260111,20260125
IDFM:TN:44998131,1,1,1,1,1,0,0,20260110,20260123
IDFM:TN:44998312,0,1,1,1,1,1,0,20260111,20260124
IDFM:TN:44998313,0,0,0,0,0,1,0,20260111,20260124
IDFM:TN:44998314,0,1,1,1,1,0,0,20260113,20260123
IDFM:TN:44999115,1,1,1,1,1,1,1,20260101,20260126
IDFM:TN:44999172,1,1,1,1,1,1,1,20260101,20260125
IDFM:TN:44999771,1,0,0,0,0,0,1,20260101,20260126
IDFM:TN:44999780,0,0,0,0,0,1,1,20251230,20260126
IDFM:TN:44999799,1,1,1,0,1,0,0,20251230,20260126
IDFM:TN:44999964,0,1,1,1,1,1,0,20260103,20260124
IDFM:TN:44999965,1,0,0,0,0,0,1,20260104,20260126
IDFM:TN:44999967,1,1,1,1,1,0,0,20251231,20260123
IDFM:TN:45000013,0,0,0,1,1,0,0,20260101,20260102
IDFM:TN:45000063,1,1,1,1,0,0,0,20260105,20260126
IDFM:TN:45000122,0,0,0,0,1,0,0,20260102,20260109
IDFM:TN:45000268,0,0,0,0,0,1,1,20251230,20260125
IDFM:TN:45000291,0,0,0,0,0,1,1,20251231,20260125
IDFM:TN:45000482,0,0,0,0,0,1,1,20251231,20260125
IDFM:TN:45000832,0,0,0,0,0,1,1,20251230,20260125
IDFM:TN:45000871,1,1,1,1,1,1,1,20251230,20260125
IDFM:TN:45000872,0,1,1,1,1,1,0,20251230,20260124
IDFM:TN:45001057,0,0,0,0,0,1,0,20251231,20260124
IDFM:TN:45001215,1,1,1,1,1,1,1,20251230,20260126
IDFM:TN:45001220,1,0,0,0,0,0,1,20251230,20260126
IDFM:TN:45001626,1,1,1,1,1,1,0,20260102,20260126
IDFM:TN:45001653,1,1,1,1,1,1,0,20251230,20260126
IDFM:TN:45001960,0,0,0,0,0,1,0,20251230,20260124
IDFM:TN:45003053,0,1,1,1,1,1,0,20260113,20260124
IDFM:TN:45003195,0,1,1,1,1,1,0,20260106,20260110
IDFM:TN:45003327,1,0,0,0,0,0,1,20260102,20260112
IDFM:TN:45003404,1,1,1,1,1,0,0,20251230,20260126
IDFM:TN:45003408,1,1,1,1,1,0,0,20251230,20260123
IDFM:TN:45003409,1,1,1,1,1,0,0,20251230,20260126
IDFM:TN:45003417,0,1,1,0,1,0,0,20251230,20260125
IDFM:TN:45003429,1,1,1,1,1,0,0,20251230,20260126
IDFM:TN:45003449,0,1,1,1,1,0,0,20251230,20260125
IDFM:TN:45003470,1,1,1,1,1,0,0,20251230,20260126
IDFM:TN:45004092,1,1,1,0,0,0,0,20260105,20260126
IDFM:TN:45004114,0,0,0,1,1,0,0,20260102,20260123
IDFM:TN:45004999,1,0,0,0,0,0,0,20260105,20260126
IDFM:TN:45006147,0,0,0,0,0,1,1,20260102,20260125
IDFM:TN:45006263,1,1,1,0,0,0,0,20260105,20260126
IDFM:TN:45006265,0,0,0,0,0,1,1,20260102,20260125
IDFM:TN:45006627,0,0,0,0,1,1,0,20260102,20260103
IDFM:TN:45006652,1,0,0,0,0,0,0,20260105,20260126
IDFM:TN:45006654,0,0,0,0,0,0,1,20260104,20260125
IDFM:TN:45006675,0,0,0,0,0,0,1,20260102,20260125
IDFM:TN:45007726,0,1,1,1,1,0,0,20260106,20260123
IDFM:TN:45007919,0,0,0,0,0,0,1,20260104,20260125
IDFM:TN:45008276,1,1,1,1,0,0,0,20260105,20260126
IDFM:TN:45008343,1,1,1,0,0,0,0,20260105,20260126
IDFM:TN:45008377,0,0,0,0,1,0,0,20260116,20260116
IDFM:TN:45008937,1,1,1,1,0,0,0,20251230,20260126
IDFM:TN:45008940,0,0,0,0,0,1,0,20260101,20260117
IDFM:TN:45008947,1,1,1,1,1,1,1,20251230,20260118
IDFM:TN:45008950,0,1,1,1,1,1,1,20251230,20260124
IDFM:TN:45008951,0,1,1,1,1,1,1,20251230,20260125
IDFM:TN:45008953,1,1,1,1,0,0,0,20251230,20260115
IDFM:TN:45008955,1,1,1,1,1,1,0,20251230,20260117
IDFM:TN:45008958,1,1,1,1,1,0,0,20251230,20260126
IDFM:TN:45008963,0,0,0,0,1,0,1,20251231,20260125
IDFM:TN:45008970,1,0,0,0,0,0,0,20260119,20260126
IDFM:TN:45008984,0,1,1,1,1,1,0,20251230,20260125
IDFM:TN:45008985,0,1,1,1,1,0,0,20251230,20260123
IDFM:TN:45008987,1,1,1,1,1,1,0,20251230,20260126
IDFM:TN:45008989,1,0,0,0,1,0,0,20251231,20260126
IDFM:TN:45008993,1,0,0,0,0,0,0,20251230,20260126
IDFM:TN:45008995,1,1,1,1,1,0,0,20251230,20260126
IDFM:TN:45008996,0,1,1,1,0,0,0,20251230,20260122
IDFM:TN:45008999,1,0,0,0,0,0,0,20260104,20260126
IDFM:TN:45009008,1,0,0,0,0,1,0,20260117,20260126
IDFM:TN:45009009,0,0,0,0,0,0,1,20260101,20260125
IDFM:TN:45009031,1,1,1,1,1,0,0,20251230,20260126
IDFM:TN:45009035,1,1,1,1,1,0,0,20251230,20260116
IDFM:TN:45009037,1,1,1,1,1,1,1,20251230,20260126
IDFM:TN:45009045,1,1,1,1,1,0,0,20251230,20260126
IDFM:TN:45009051,0,0,1,0,0,0,0,20260114,20260114
IDFM:TN:45009063,0,0,0,0,0,1,0,20260101,20260110
IDFM:TN:45009079,1,0,0,0,0,0,1,20260104,20260126
IDFM:TN:45009082,1,1,1,1,0,0,0,20251230,20260126
IDFM:TN:45009083,0,0,0,0,0,0,1,20260104,20260125
IDFM:TN:45009088,1,1,1,1,1,0,1,20251230,20260126
IDFM:TN:45009091,0,0,0,0,1,1,0,20251231,20260116
IDFM:TN:45009098,0,0,0,0,0,0,1,20260104,20260125
IDFM:TN:45009103,1,0,0,0,0,1,0,20260117,20260126
IDFM:TN:45009109,0,0,0,0,1,0,1,20251231,20260123
IDFM:TN:45009137,1,1,1,1,0,0,0,20251230,20260126
IDFM:TN:45009140,0,0,0,0,1,0,1,20251231,20260125
IDFM:TN:45009158,0,1,1,0,1,0,1,20251230,20260125
IDFM:TN:45009180,0,1,1,1,1,0,0,20251230,20260116
IDFM:TN:45009184,1,1,1,1,1,0,0,20260102,20260116
IDFM:TN:45009188,0,0,0,0,1,0,0,20260109,20260116
IDFM:TN:45009203,1,1,1,1,1,0,0,20251230,20260116
IDFM:TN:45009225,0,0,0,0,1,0,0,20260102,20260116
IDFM:TN:45009228,1,1,1,1,0,0,0,20251230,20260115
IDFM:TN:45009298,0,0,0,0,0,1,0,20260102,20260110
IDFM:TN:45009313,1,1,1,1,1,0,0,20251230,20260116
IDFM:TN:45009343,1,1,1,1,1,0,0,20251230,20260116
IDFM:TN:45009399,0,1,1,1,0,0,0,20260106,20260108
IDFM:TN:45009426,0,0,0,0,1,0,0,20251231,20260116
IDFM:TN:45009435,0,0,0,0,0,0,1,20251230,20260111
IDFM:TN:45009436,1,1,1,1,0,0,0,20260101,20260126
IDFM:TN:45009440,0,0,0,0,1,0,0,20260109,20260116
IDFM:TN:45009616,1,1,1,1,0,0,0,20251230,20260122
IDFM:TN:45009644,0,0,0,0,1,0,0,20260102,20260123
IDFM:TN:45009666,0,0,0,0,0,1,0,20260105,20260124
IDFM:TN:45009667,0,0,0,0,0,0,1,20260104,20260125
IDFM:TN:45009685,0,1,1,0,1,1,0,20251230,20260103
IDFM:TN:45009726,1,0,0,0,0,0,0,20260112,20260126
IDFM:TN:45009729,1,1,1,1,0,0,0,20251230,20260126
IDFM:TN:45009732,1,1,1,1,1,0,1,20251230,20260126
IDFM:TN:45009741,0,0,0,0,0,1,1,20260101,20260118
IDFM:TN:45009742,0,0,0,0,0,0,1,20260104,20260118
IDFM:TN:45009846,0,0,0,0,0,1,1,20260101,20260125
IDFM:TN:45009874,0,0,0,0,0,0,1,20260101,20260125
IDFM:TN:45009878,0,0,0,0,1,0,0,20251230,20260123
IDFM:TN:45009901,1,0,0,0,0,0,1,20260118,20260126
IDFM:TN:45009916,1,0,0,0,0,0,0,20260112,20260119
IDFM:TN:45009926,1,0,0,0,0,0,1,20260111,20260126
IDFM:TN:45010021,0,0,0,0,0,1,0,20260114,20260124
IDFM:TN:45010024,0,0,0,0,0,1,0,20260113,20260124
IDFM:TN:45010026,0,0,0,0,1,0,0,20260114,20260123
IDFM:TN:45010129,0,1,1,1,1,1,0,20260120,20260124
IDFM:TN:45010135,1,0,0,0,0,0,0,20260119,20260126
IDFM:TN:45010136,0,1,0,1,0,1,0,20260110,20260124
IDFM:TN:45010137,0,0,1,0,1,0,0,20260106,20260121
IDFM:TN:45010140,1,0,0,0,0,0,1,20260119,20260125
IDFM:TN:45010144,0,1,1,1,1,1,0,20260106,20260126
IDFM:TN:45010151,0,0,0,1,1,1,0,20260122,20260124
IDFM:TN:45010155,0,1,1,0,0,1,0,20251230,20260103
IDFM:TN:45010262,1,0,1,1,1,0,0,20260105,20260123
IDFM:TN:45010266,1,1,0,0,0,0,0,20260106,20260126
IDFM:TN:45010580,1,0,1,0,0,0,0,20260107,20260126
IDFM:TN:45010583,1,1,0,1,0,0,0,20260105,20260122
IDFM:TN:45010607,1,0,0,0,0,0,0,20260112,20260126
IDFM:TN:45010610,0,1,1,1,0,0,0,20260105,20260122
IDFM:TN:45010612,0,0,0,0,1,0,0,20260116,20260123
IDFM:TN:45010630,0,1,0,0,1,0,0,20251230,20260102
IDFM:TN:45010699,1,0,0,0,0,0,0,20260102,20260121
IDFM:TN:45010783,1,0,1,1,1,0,0,20260108,20260122
IDFM:TN:45012018,1,1,1,1,1,1,0,20251230,20260126
IDFM:TN:45012023,0,0,0,0,0,1,0,20251230,20260124
IDFM:TN:45012025,0,0,0,0,0,1,0,20251230,20260124
IDFM:TN:45012026,0,0,0,0,0,1,0,20251230,20260126
IDFM:TN:45012049,1,1,1,1,0,0,0,20251230,20260126
IDFM:TN:45012063,0,0,0,0,0,0,1,20251230,20260125
IDFM:TN:45012066,0,0,0,0,0,1,0,20260101,20260124
IDFM:TN:45012091,1,1,0,1,1,0,0,20251230,20260126
IDFM:TN:45012103,0,0,0,0,0,1,0,20260102,20260124
IDFM:TN:45012104,0,0,0,0,0,1,1,20251231,20260125
IDFM:TN:45012107,0,1,1,1,1,1,1,20260101,20260125
IDFM:TN:45012133,1,1,0,0,1,0,0,20251230,20260126
IDFM:TN:45012162,1,0,0,0,0,0,0,20251230,20260126
IDFM:TN:45012168,0,1,1,1,1,0,0,20260106,20260116
IDFM:TN:45012177,1,1,1,1,0,0,0,20251230,20260126
IDFM:TN:45012214,1,1,1,1,0,0,0,20251230,20260126
IDFM:TN:45012218,1,1,1,1,1,1,0,20251230,20260116
IDFM:TN:45012248,1,1,1,1,0,0,0,20260112,20260126
IDFM:TN:45012253,0,1,0,0,0,0,0,20251230,20260108
IDFM:TN:45012298,0,0,0,0,0,1,0,20260101,20260124
IDFM:TN:45012356,0,0,0,0,0,1,1,20260101,20260125
IDFM:TN:45012378,1,1,0,1,1,0,0,20251230,20260126
IDFM:TN:45012392,0,0,1,0,0,0,0,20260107,20260121
IDFM:TN:44898656,0,0,0,0,0,0,1,20251228,20251228
IDFM:TN:44854192,0,0,0,0,1,0,0,20251226,20251226
IDFM:TN:44858761,0,0,0,0,0,1,0,20251227,20251227
IDFM:TN:44809551,0,0,0,1,0,0,0,20251225,20251225
